messageID = 1

message1 = [[11,11,11,11,11,10,14,14,10,11,11,11,10,10,11,11],
            [11,11,11,11,11,11,10,14,10,10,10,10,19,19,10,11],
            [11,11,11,11,11,11,11,10,14,20,10,14,19,19,19,10],
            [11,11,11,11,11,11,11,10,14,14,14,14,17,19,18,10],
            [11,11,11,11,11,11,11,10,14,14,14,14,17,19,18,10],
            [11,11,11,11,11,11,11,10,14,20,10,14,19,19,19,10],
            [11,11,11,11,11,11,10,14,10,10,10,10,19,19,10,11],
            [11,11,11,11,11,10,14,14,10,11,11,11,10,10,11,11]]


message2 = [[11,11,11,11,11,10,14,14,10,11,11,11,10,10,11,11],
            [11,11,11,11,11,11,10,14,10,10,10,10,19,19,10,11],
            [11,11,11,11,11,11,11,10,14,20,10,14,19,19,19,10],
            [11,11,11,11,11,11,11,10,14,14,14,14,17,19,18,10],
            [11,11,11,11,11,11,11,10,14,14,14,14,17,19,19,10],
            [11,11,11,11,11,11,11,10,14,20,20,14,19,19,19,10],
            [11,11,11,11,11,11,10,14,10,10,10,10,19,19,10,11],
            [11,11,11,11,11,10,14,14,10,11,11,11,10,10,11,11]]


message3 = [[10,10,10,10,10,10,10,10,10,10,10,10,10,10,10,10],
            [10,10,10,10,10,10,10,10,10,10,10,10,10,10,10,10],
            [10,10,10,10,10,10,10,10,10,10,10,10,10,10,10,10],
            [10,10,10,10,10,10,10,10,15,10,10,10,10,10,10,10],
            [10,10,10,10,10,10,10,10,15,10,10,10,10,10,10,10],
            [10,10,10,10,10,10,10,10,10,10,10,10,10,10,10,10],
            [10,10,10,10,10,10,10,10,10,10,10,10,10,10,10,10],
            [10,10,10,10,10,10,10,10,10,10,10,10,10,10,10,10]]


message4 = [[10,10,10,10,10,10,10,10,10,10,10,10,10,10,10,10],
            [10,10,10,10,10,10,10,10,10,10,10,10,10,10,10,10],
            [10,10,10,10,10,10,10,10,10,10,10,10,10,10,10,10],
            [10,10,10,10,10,10,10,10,15,10,10,10,10,10,10,10],
            [10,10,10,10,10,10,10,10,17,10,10,10,10,10,10,10],
            [10,10,10,10,10,10,10,10,10,10,10,10,10,10,10,10],
            [10,10,10,10,10,10,10,10,10,10,10,10,10,10,10,10],
            [10,10,10,10,10,10,10,10,10,10,10,10,10,10,10,10]]

message5 = [[10,10,10,10,10,10,10,10,10,10,10,10,10,10,10,10],
            [10,10,10,10,10,10,10,10,10,10,15,10,10,10,10,10],
            [10,10,10,10,10,17,10,10,10,17,10,10,10,10,10,10],
            [10,10,10,10,10,10,10,10,15,10,15,10,10,10,10,10],
            [10,10,10,10,10,10,15,10,17,10,10,17,10,10,10,10],
            [10,10,10,10,10,10,10,17,10,10,10,10,10,10,10,10],
            [10,10,10,10,10,10,10,15,10,10,10,10,10,10,10,10],
            [10,10,10,10,10,10,10,10,10,10,10,10,10,10,10,10]]

message6 = [[10,10,15,17,10,10,10,10,17,10,10,10,10,15,10,10],
            [10,10,10,10,15,10,10,15,10,10,15,10,10,10,17,10],
            [15,10,17,10,10,17,10,10,10,17,10,10,15,10,10,10],
            [10,15,10,10,10,10,10,10,15,10,15,10,10,15,10,15],
            [10,10,10,10,10,10,15,10,17,10,10,17,17,10,10,10],
            [10,10,17,10,17,10,10,17,10,10,17,10,10,10,10,15],
            [17,10,10,15,10,10,10,15,10,10,15,10,10,15,17,10],
            [15,10,10,10,10,15,10,10,10,17,10,10,10,10,10,10]]

message7 = [[10,10,10,10,10,10,10,10,10,10,10,10,10,10,10,10],
            [10,10,10,10,10,10,10,10,10,10,15,10,10,10,10,10],
            [10,10,10,10,10,17,10,10,10,17,10,10,10,10,10,10],
            [10,10,10,10,10,10,10,10,15,10,15,10,10,10,10,10],
            [10,10,10,10,10,10,15,10,17,10,10,17,10,10,10,10],
            [10,10,10,10,10,10,10,17,10,10,10,10,10,10,10,10],
            [10,10,10,10,10,10,10,15,10,10,10,10,10,10,10,10],
            [10,10,10,10,10,10,10,10,10,10,10,10,10,10,10,10]]


message8 = [[10,10,10,10,10,10,10,10,10,10,10,10,10,10,10,10],
            [10,10,10,10,10,10,10,10,10,10,10,10,10,10,10,10],
            [10,10,10,10,10,10,10,10,10,10,10,10,10,10,10,10],
            [10,10,10,10,10,10,10,10,15,10,10,10,10,10,10,10],
            [10,10,10,10,10,10,10,10,17,10,10,10,10,10,10,10],
            [10,10,10,10,10,10,10,10,10,10,10,10,10,10,10,10],
            [10,10,10,10,10,10,10,10,10,10,10,10,10,10,10,10],
            [10,10,10,10,10,10,10,10,10,10,10,10,10,10,10,10]]

message9 = [[10,10,10,10,10,10,10,10,10,10,10,10,10,10,10,10],
            [10,10,10,10,10,10,10,10,10,10,10,10,10,10,10,10],
            [10,10,10,10,10,10,10,10,10,10,10,10,10,10,10,10],
            [10,10,10,10,10,10,10,10,15,10,10,10,10,10,10,10],
            [10,10,10,10,10,10,10,10,15,10,10,10,10,10,10,10],
            [10,10,10,10,10,10,10,10,10,10,10,10,10,10,10,10],
            [10,10,10,10,10,10,10,10,10,10,10,10,10,10,10,10],
            [10,10,10,10,10,10,10,10,10,10,10,10,10,10,10,10]]
