messageID = 1

message1 = [[11,11,11,11,11,10,14,14,10,11,11,11,10,10,11,11],
            [11,11,11,11,11,11,10,14,10,10,10,10,19,19,10,11],
            [11,11,11,11,11,11,11,10,14,20,10,14,19,19,19,10],
            [11,11,11,11,11,11,11,10,14,14,14,14,17,19,18,10],
            [11,11,11,11,11,11,11,10,14,14,14,14,17,19,18,10],
            [11,11,11,11,11,11,11,10,14,20,10,14,19,19,19,10],
            [11,11,11,11,11,11,10,14,10,10,10,10,19,19,10,11],
            [11,11,11,11,11,10,14,14,10,11,11,11,10,10,11,11]]


message2 = [[11,11,11,11,11,10,14,14,10,11,11,11,10,10,11,11],
            [11,11,11,11,11,11,10,14,10,10,10,10,19,19,10,11],
            [11,11,11,11,11,11,11,10,14,20,10,14,19,19,19,10],
            [11,11,11,11,11,11,11,10,14,14,14,14,17,19,18,10],
            [11,11,11,11,11,11,11,10,14,14,14,14,17,19,19,10],
            [11,11,11,11,11,11,11,10,14,20,20,14,19,19,19,10],
            [11,11,11,11,11,11,10,14,10,10,10,10,19,19,10,11],
            [11,11,11,11,11,10,14,14,10,11,11,11,10,10,11,11]]


message3 = [[10,10,10,10,10,10,10,10,10,10,10,10,10,10,10,10],
            [10,10,10,10,10,10,10,10,10,10,10,10,10,10,10,10],
            [10,10,10,10,10,10,10,10,10,10,10,10,10,10,10,10],
            [10,10,10,10,10,10,10,10,15,10,10,10,10,10,10,10],
            [10,10,10,10,10,10,10,10,15,10,10,10,10,10,10,10],
            [10,10,10,10,10,10,10,10,10,10,10,10,10,10,10,10],
            [10,10,10,10,10,10,10,10,10,10,10,10,10,10,10,10],
            [10,10,10,10,10,10,10,10,10,10,10,10,10,10,10,10]]


message4 = [[10,10,10,10,10,10,10,10,10,10,10,10,10,10,10,10],
            [10,10,10,10,10,10,10,10,10,10,10,10,10,10,10,10],
            [10,10,10,10,10,10,10,10,10,10,10,10,10,10,10,10],
            [10,10,10,10,10,10,10,10,15,10,10,10,10,10,10,10],
            [10,10,10,10,10,10,10,10,17,10,10,10,10,10,10,10],
            [10,10,10,10,10,10,10,10,10,10,10,10,10,10,10,10],
            [10,10,10,10,10,10,10,10,10,10,10,10,10,10,10,10],
            [10,10,10,10,10,10,10,10,10,10,10,10,10,10,10,10]]

message5 = [[10,10,10,10,10,10,10,10,10,10,10,10,10,10,10,10],
            [10,10,10,10,10,10,10,10,10,10,15,10,10,10,10,10],
            [10,10,10,10,10,17,10,10,10,17,10,10,10,10,10,10],
            [10,10,10,10,10,10,10,10,15,10,15,10,10,10,10,10],
            [10,10,10,10,10,10,15,10,17,10,10,17,10,10,10,10],
            [10,10,10,10,10,10,10,17,10,10,10,10,10,10,10,10],
            [10,10,10,10,10,10,10,15,10,10,10,10,10,10,10,10],
            [10,10,10,10,10,10,10,10,10,10,10,10,10,10,10,10]]

message6 = [[10,10,15,17,10,10,10,10,17,10,10,10,10,15,10,10],
            [10,10,10,10,15,10,10,15,10,10,15,10,10,10,17,10],
            [15,10,17,10,10,17,10,10,10,17,10,10,15,10,10,10],
            [10,15,10,10,10,10,10,10,15,10,15,10,10,15,10,15],
            [10,10,10,10,10,10,15,10,17,10,10,17,17,10,10,10],
            [10,10,17,10,17,10,10,17,10,10,17,10,10,10,10,15],
            [17,10,10,15,10,10,10,15,10,10,15,10,10,15,17,10],
            [15,10,10,10,10,15,10,10,10,17,10,10,10,10,10,10]]

message7 = [[10,10,10,10,10,10,10,10,10,10,10,10,10,10,10,10],
            [10,10,10,10,10,10,10,10,10,10,15,10,10,10,10,10],
            [10,10,10,10,10,17,10,10,10,17,10,10,10,10,10,10],
            [10,10,10,10,10,10,10,10,15,10,15,10,10,10,10,10],
            [10,10,10,10,10,10,15,10,17,10,10,17,10,10,10,10],
            [10,10,10,10,10,10,10,17,10,10,10,10,10,10,10,10],
            [10,10,10,10,10,10,10,15,10,10,10,10,10,10,10,10],
            [10,10,10,10,10,10,10,10,10,10,10,10,10,10,10,10]]


message8 = [[10,10,10,10,10,10,10,10,10,10,10,10,10,10,10,10],
            [10,10,10,10,10,10,10,10,10,10,10,10,10,10,10,10],
            [10,10,10,10,10,10,10,10,10,10,10,10,10,10,10,10],
            [10,10,10,10,10,10,10,10,15,10,10,10,10,10,10,10],
            [10,10,10,10,10,10,10,10,17,10,10,10,10,10,10,10],
            [10,10,10,10,10,10,10,10,10,10,10,10,10,10,10,10],
            [10,10,10,10,10,10,10,10,10,10,10,10,10,10,10,10],
            [10,10,10,10,10,10,10,10,10,10,10,10,10,10,10,10]]

message9 = [[10,10,10,10,10,10,10,10,10,10,10,10,10,10,10,10],
            [10,10,10,10,10,10,10,10,10,10,10,10,10,10,10,10],
            [10,10,10,10,10,10,10,10,10,10,10,10,10,10,10,10],
            [10,10,10,10,10,10,10,10,15,10,10,10,10,10,10,10],
            [10,10,10,10,10,10,10,10,15,10,10,10,10,10,10,10],
            [10,10,10,10,10,10,10,10,10,10,10,10,10,10,10,10],
            [10,10,10,10,10,10,10,10,10,10,10,10,10,10,10,10],
            [10,10,10,10,10,10,10,10,10,10,10,10,10,10,10,10]]

message10 = [[10,10,10,10,10,20,20,20,20,20,20,20,10,10,10,10],
             [10,10,10,10,10,20,17,17,17,17,17,17,10,10,10,10],
             [10,10,10,10,10,10,10,10,20,17,17,20,10,10,10,10],
             [10,10,10,10,10,10,10,20,17,17,20,10,10,10,10,10],
             [10,10,10,10,10,10,20,17,17,17,20,10,10,10,10,10],
             [10,10,10,10,10,20,17,17,17,20,10,10,10,10,10,10],
             [10,10,10,10,20,17,17,17,17,17,17,17,10,10,10,10],
             [10,10,10,10,20,20,20,20,20,20,20,20,10,10,10,10]]

message11 = [[10,10,10,10,10,20,20,20,20,20,20,20,10,10,10,10],
             [10,10,10,10,20,11,11,11,20,11,11,10,10,10,10,10],
             [10,10,10,20,11,11,11,11,20,11,11,10,10,10,10,10],
             [10,10,10,20,11,11,11,11,20,11,11,10,10,10,10,10],
             [10,10,10,20,11,11,11,11,20,11,11,10,10,10,10,10],
             [10,10,10,20,11,11,11,11,20,11,11,10,10,10,10,10],
             [10,10,10,10,20,11,11,11,20,11,11,10,10,10,10,10],
             [10,10,10,10,10,20,20,20,20,20,20,20,10,10,10,10]]


message12 = [[10,10,10,10,10,10,10,10,10,10,10,10,10,10,10,10],
             [10,10,10,10,10,20,20,20,20,10,20,20,10,10,10,10],
             [10,10,10,10,20,13,13,13,20,20,20,13,10,10,10,10],
             [10,10,10,20,13,13,13,13,20,20,13,10,10,10,10,10],
             [10,10,10,20,13,13,13,13,20,13,13,10,10,10,10,10],
             [10,10,10,20,13,13,13,13,20,13,10,10,10,10,10,10],
             [10,10,10,10,20,20,20,20,20,20,20,20,10,10,10,10],
             [10,10,10,10,10,10,10,10,10,10,10,10,10,10,10,10]]

message13 = [[10,10,10,10,10,20,20,20,20,20,20,20,10,10,10,10],
             [10,10,10,10,20,11,11,11,20,11,11,10,10,10,10,10],
             [10,10,10,20,11,11,11,11,20,11,11,10,10,10,10,10],
             [10,10,10,20,11,11,11,11,20,11,11,10,10,10,10,10],
             [10,10,10,20,11,11,11,11,20,11,11,10,10,10,10,10],
             [10,10,10,20,11,11,11,11,20,11,11,10,10,10,10,10],
             [10,10,10,10,20,11,11,11,20,11,11,10,10,10,10,10],
             [10,10,10,10,10,20,20,20,20,20,20,20,10,10,10,10]]

message14 = [[15,15,15,15,15,15,15,15,15,15,15,13,13,13,15,19],
             [15,15,15,15,15,15,15,15,15,15,13,13,13,13,13,15],
             [15,15,15,15,15,15,15,15,15,13,13,13,13,14,14,14],
             [15,15,15,15,15,15,15,15,15,15,13,13,13,13,13,15],
             [15,15,15,15,15,15,15,15,15,15,15,13,13,13,15,19],
             [15,15,15,15,15,15,15,15,15,15,15,15,15,15,15,19],
             [15,15,15,15,15,15,15,15,15,15,15,15,15,19,19,19],
             [15,15,15,15,15,15,15,15,15,15,19,19,19,19,19,19]]

message15 =[[15,15,19,19,19,19,15,15,15,15,15,13,13,13,15,19],
             [15,15,19,19,19,15,15,15,15,15,13,13,13,13,13,15],
             [15,15,15,15,15,15,15,15,15,13,13,13,13,14,14,14],
             [15,15,15,15,15,15,15,15,15,15,13,13,13,13,13,15],
             [15,15,15,15,15,15,15,15,15,15,15,13,13,13,15,19],
             [15,15,15,15,15,15,15,15,15,15,15,15,15,15,15,19],
             [15,15,15,15,15,15,15,15,15,15,15,15,15,19,19,19],
             [15,15,15,15,15,15,15,15,15,15,19,19,19,19,19,19]]

message16 = [[15,19,19,19,19,19,19,15,15,15,15,13,13,13,15,19],
             [15,15,19,19,19,19,15,15,15,15,13,13,13,13,13,15],
             [15,15,15,19,19,15,15,15,15,13,13,13,13,14,14,14],
             [15,15,15,15,15,15,15,15,15,15,13,13,13,13,13,15],
             [15,15,15,15,15,15,15,15,15,15,15,13,13,13,15,19],
             [15,15,15,15,15,15,15,15,15,15,15,15,15,15,15,19],
             [15,15,15,15,15,15,15,15,15,15,15,15,15,19,19,19],
             [15,15,15,15,15,15,15,15,15,15,19,19,19,19,19,19]]

message17 = [[15,15,15,15,15,15,15,15,15,15,15,13,13,13,15,19],
             [15,19,19,19,15,15,15,15,15,15,13,13,13,13,13,15],
             [15,19,19,19,19,15,15,15,15,13,13,13,13,14,14,14],
             [15,19,19,19,19,15,15,15,15,15,13,13,13,13,13,15],
             [15,19,19,19,15,15,15,15,15,15,15,13,13,13,15,19],
             [15,15,19,15,15,15,15,15,15,15,15,15,15,15,15,19],
             [15,15,15,15,15,15,15,15,15,15,15,15,15,19,19,19],
             [15,15,15,15,15,15,15,15,15,15,19,19,19,19,19,19]]

message18 = [[15,15,15,15,15,15,15,15,15,15,15,13,13,13,15,19],
             [15,15,15,15,15,15,15,15,15,15,13,13,13,13,13,15],
             [15,15,19,19,15,15,15,15,15,13,13,13,13,14,14,14],
             [15,19,19,19,19,15,15,15,15,15,13,13,13,13,13,15],
             [15,19,19,19,19,19,15,15,15,15,15,13,13,13,15,19],
             [15,15,19,19,19,19,15,15,15,15,15,15,15,15,15,19],
             [15,15,19,19,15,15,15,15,15,15,15,15,15,19,19,19],
             [15,15,15,15,15,15,15,15,15,15,19,19,19,19,19,19]]

message19 = [[15,15,15,15,15,15,15,15,15,15,15,13,13,13,15,19],
             [15,15,15,15,15,15,15,15,15,15,13,13,13,13,13,15],
             [15,15,15,15,15,15,15,15,15,13,13,13,13,14,14,14],
             [15,15,15,15,15,15,15,15,15,15,13,13,13,13,13,15],
             [15,15,19,19,15,15,15,15,15,15,15,13,13,13,15,19],
             [15,19,19,19,19,15,15,15,15,15,15,15,15,15,15,19],
             [15,15,19,19,19,19,15,15,15,15,15,15,15,19,19,19],
             [15,15,19,19,19,19,15,15,15,15,19,19,19,19,19,19]]

message20 = [[15,15,15,15,15,15,15,15,15,15,15,13,13,13,15,19],
             [15,15,15,15,15,15,15,15,15,15,13,13,13,13,13,15],
             [15,15,15,15,15,15,15,15,15,13,13,13,13,14,14,14],
             [15,15,15,15,15,15,15,15,15,15,13,13,13,13,13,15],
             [15,15,15,15,15,15,15,15,15,15,15,13,13,13,15,19],
             [15,15,15,15,15,15,15,15,15,15,15,15,15,15,15,19],
             [15,15,15,19,19,15,15,15,15,15,15,15,15,19,19,19],
             [15,15,19,19,19,19,15,15,15,15,19,19,19,19,19,19]]

message21 = [[16,16,16,16,16,16,16,16,16,16,16,16,16,16,16,19],
             [16,16,16,16,16,16,16,16,16,16,16,16,16,16,16,16],
             [16,16,16,16,16,16,16,16,16,16,16,16,16,16,16,16],
             [16,16,16,16,16,16,16,10,10,16,16,16,16,16,16,16],
             [16,16,16,16,16,16,16,10,10,16,16,16,16,16,16,16],
             [16,16,16,16,16,16,16,16,16,16,16,16,16,16,16,16],
             [16,16,16,16,16,16,16,16,16,16,16,16,16,16,16,16],
             [16,16,16,16,16,16,16,16,16,16,16,16,16,16,16,16]]

message22=  [[16,16,16,16,16,16,16,16,16,16,16,16,16,16,16,19],
             [16,16,16,16,16,16,16,16,16,16,16,16,16,16,16,16],
             [16,16,16,16,16,16,16,16,16,16,16,16,16,16,16,16],
             [16,16,16,16,16,16,16,10,12,16,16,16,16,16,16,16],
             [16,16,16,16,16,16,16,12,10,16,16,16,16,16,16,16],
             [16,16,16,16,16,16,16,16,16,16,16,16,16,16,16,16],
             [16,16,16,16,16,16,16,16,16,16,16,16,16,16,16,16],
             [16,16,16,16,16,16,16,16,16,16,16,16,16,16,16,16]]

message23=  [[16,16,16,16,16,16,16,16,16,16,16,16,16,16,16,19],
             [16,16,16,16,16,16,16,16,16,16,16,16,16,16,16,16],
             [16,16,16,16,16,16,16,16,16,16,16,16,16,16,16,16],
             [16,16,16,16,16,16,16,12,10,16,16,16,16,16,16,16],
             [16,16,16,16,16,16,16,10,12,16,16,16,16,16,16,16],
             [16,16,16,16,16,16,16,16,16,16,16,16,16,16,16,16],
             [16,16,16,16,16,16,16,16,16,16,16,16,16,16,16,16],
             [16,16,16,16,16,16,16,16,16,16,16,16,16,16,16,16]]

message24=  [[16,16,16,16,16,16,16,16,16,16,16,16,16,16,16,19],
             [16,16,16,16,16,16,16,16,16,16,16,16,16,16,16,16],
             [16,16,16,16,16,16,16,16,16,16,16,16,16,16,16,16],
             [16,16,16,16,16,16,16,12,12,16,16,16,16,16,16,16],
             [16,16,16,16,16,16,16,12,12,16,16,16,16,16,16,16],
             [16,16,16,16,16,16,16,16,16,16,16,16,16,16,16,16],
             [16,16,16,16,16,16,16,16,16,16,16,16,16,16,16,16],
             [16,16,16,16,16,16,16,16,16,16,16,16,16,16,16,16]]

message22=  [[16,16,16,16,16,16,16,16,16,16,16,16,16,16,16,19],
             [16,16,16,16,16,16,16,16,16,16,16,16,16,16,16,16],
             [16,16,16,16,16,16,12,16,16,16,16,16,16,16,16,16],
             [16,16,16,16,16,16,16,12,12,16,16,16,16,16,16,16],
             [16,16,16,16,16,16,16,12,12,16,16,16,16,16,16,16],
             [16,16,16,16,16,16,16,16,16,12,16,16,16,16,16,16],
             [16,16,16,16,16,16,16,16,16,16,16,16,16,16,16,16],
             [16,16,16,16,16,16,16,16,16,16,16,16,16,16,16,16]]

message25=  [[16,16,16,16,16,16,16,16,16,16,16,16,16,16,16,19],
             [16,16,16,16,16,16,16,16,16,16,16,16,16,16,16,16],
             [16,16,16,16,16,16,12,16,16,12,16,16,16,16,16,16],
             [16,16,16,16,16,16,16,12,12,16,16,16,16,16,16,16],
             [16,16,16,16,16,16,16,12,12,16,16,16,16,16,16,16],
             [16,16,16,16,16,16,12,16,16,12,16,16,16,16,16,16],
             [16,16,16,16,16,16,16,16,16,16,16,16,16,16,16,16],
             [16,16,16,16,16,16,16,16,16,16,16,16,16,16,16,16]]

message26=  [[16,16,16,16,16,16,16,16,16,16,16,16,16,16,16,19],
             [16,16,16,16,16,12,16,16,16,16,12,16,16,16,16,16],
             [16,16,16,16,16,16,12,16,16,12,16,16,16,16,16,16],
             [16,16,16,16,16,16,16,12,12,16,16,16,16,16,16,16],
             [16,16,16,16,16,16,16,12,12,16,16,16,16,16,16,16],
             [16,16,16,16,16,16,12,16,16,12,16,16,16,16,16,16],
             [16,16,16,16,16,12,16,16,16,16,12,16,16,16,16,16],
             [16,16,16,16,16,16,16,16,16,16,16,16,16,16,16,16]]

message27=  [[16,16,16,16,12,16,16,16,16,16,16,12,16,16,16,19],
             [16,16,16,12,16,12,16,16,16,16,12,16,12,16,16,16],
             [16,16,16,16,16,16,12,16,16,12,16,16,16,16,16,16],
             [16,16,16,16,16,16,16,12,12,16,16,16,16,16,16,16],
             [16,16,16,16,16,16,16,12,12,16,16,16,16,16,16,16],
             [16,16,16,16,16,16,12,16,16,12,16,16,16,16,16,16],
             [16,16,16,12,16,12,16,16,16,16,12,16,12,16,16,16],
             [16,16,16,16,12,16,16,16,16,16,16,12,16,16,16,16]]

message28=  [[16,16,16,16,12,16,16,16,16,16,16,12,16,16,16,19],
             [16,16,16,12,16,12,16,16,16,16,12,16,12,16,16,16],
             [16,16,12,16,16,16,12,16,16,12,16,16,16,12,16,16],
             [16,16,16,16,16,16,16,12,12,16,16,16,16,16,16,16],
             [16,16,16,16,16,16,16,12,12,16,16,16,16,16,16,16],
             [16,16,12,16,16,16,12,16,16,12,16,16,16,12,16,16],
             [16,16,16,12,16,12,16,16,16,16,12,16,12,16,16,16],
             [16,16,16,16,12,16,16,16,16,16,16,12,16,16,16,16]]

message29=  [[12,16,16,16,12,16,16,16,16,16,16,12,16,16,16,12],
             [16,12,16,12,16,12,16,16,16,16,12,16,12,16,12,16],
             [16,16,12,16,16,16,12,16,16,12,16,16,16,12,16,16],
             [16,16,16,16,16,16,16,12,12,16,16,16,16,16,16,16],
             [16,16,16,16,16,16,16,12,12,16,16,16,16,16,16,16],
             [16,16,12,16,16,16,12,16,16,12,16,16,16,12,16,16],
             [16,12,16,12,16,12,16,16,16,16,12,16,12,16,12,16],
             [12,16,16,16,12,16,16,16,16,16,16,12,16,16,16,12]]

message30=  [[12,16,16,16,12,16,16,16,16,16,16,12,16,16,16,12],
             [16,12,16,12,16,12,16,16,16,16,12,16,12,16,12,16],
             [16,16,12,16,16,16,12,16,16,12,16,16,16,12,16,16],
             [16,16,16,16,16,16,16,12,12,16,16,16,16,16,16,16],
             [16,16,16,16,16,16,16,12,12,16,16,16,16,16,16,16],
             [16,16,12,16,16,16,12,16,16,12,16,16,16,12,16,16],
             [16,12,16,12,16,12,16,16,16,16,12,16,12,16,12,16],
             [12,12,12,12,12,12,12,12,12,12,12,12,12,12,12,12]]

message31=  [[12,16,16,16,12,16,16,16,16,16,16,12,16,16,16,12],
             [12,12,16,12,16,12,16,16,16,16,12,16,12,16,12,16],
             [12,16,12,16,16,16,12,16,16,12,16,16,16,12,16,16],
             [12,16,16,16,16,16,16,12,12,16,16,16,16,16,16,16],
             [12,16,16,16,16,16,16,12,12,16,16,16,16,16,16,16],
             [12,16,12,16,16,16,12,16,16,12,16,16,16,12,16,16],
             [12,12,16,12,16,12,16,16,16,16,12,16,12,16,12,16],
             [12,12,12,12,12,12,12,12,12,12,12,12,12,12,12,12]]

message32=  [[12,12,12,12,12,12,12,12,12,12,12,12,12,12,12,12],
             [12,12,16,12,16,12,16,16,16,16,12,16,12,16,12,16],
             [12,16,12,16,16,16,12,16,16,12,16,16,16,12,16,16],
             [12,16,16,16,16,16,16,12,12,16,16,16,16,16,16,16],
             [12,16,16,16,16,16,16,12,12,16,16,16,16,16,16,16],
             [12,16,12,16,16,16,12,16,16,12,16,16,16,12,16,16],
             [12,12,16,12,16,12,16,16,16,16,12,16,12,16,12,16],
             [12,12,12,12,12,12,12,12,12,12,12,12,12,12,12,12]]

message33=  [[12,12,12,12,12,12,12,12,12,12,12,12,12,12,12,12],
             [12,12,16,12,16,12,16,16,16,16,12,16,12,16,12,12],
             [12,16,12,16,16,16,12,16,16,12,16,16,16,12,16,12],
             [12,16,16,16,16,16,16,12,12,16,16,16,16,16,16,12],
             [12,16,16,16,16,16,16,12,12,16,16,16,16,16,16,12],
             [12,16,12,16,16,16,12,16,16,12,16,16,16,12,16,12],
             [12,12,16,12,16,12,16,16,16,16,12,16,12,16,12,12],
             [12,12,12,12,12,12,12,12,12,12,12,12,12,12,12,12]]

message34=  [[12,12,12,12,12,12,12,12,12,12,12,12,12,12,12,12],
             [12,12,16,12,16,12,16,16,16,16,12,12,12,12,12,12],
             [12,16,12,16,16,16,12,16,16,12,12,12,12,12,12,12],
             [12,16,16,16,16,16,16,12,12,12,12,12,12,12,12,12],
             [12,16,16,16,16,16,16,12,12,12,12,12,12,12,12,12],
             [12,16,12,16,16,16,12,16,16,12,12,12,12,12,12,12],
             [12,12,16,12,16,12,16,16,16,16,12,12,12,12,12,12],
             [12,12,12,12,12,12,12,12,12,12,12,12,12,12,12,12]]

message35=  [[12,12,12,12,12,12,12,12,12,12,12,12,12,12,12,12],
             [12,12,12,12,12,12,12,12,12,12,12,12,12,12,12,12],
             [12,12,12,12,12,12,12,12,12,12,12,12,12,12,12,12],
             [12,12,12,12,12,12,12,12,12,12,12,12,12,12,12,12],
             [12,12,12,12,12,12,12,12,12,12,12,12,12,12,12,12],
             [12,12,12,12,12,12,12,12,12,12,12,12,12,12,12,12],
             [12,12,12,12,12,12,12,12,12,12,12,12,12,12,12,12],
             [12,12,12,12,12,12,12,12,12,12,12,12,12,12,12,12]]


message36 = [[12,12,12,12,12,12,12,12,12,12,12,12,12,12,12,12],
            [12,12,12,12,12,12,12,12,12,12,12,12,12,12,12,12],
            [12,12,12,12,12,12,12,12,12,12,12,12,12,12,12,10],
            [12,12,12,12,12,12,12,12,12,12,12,12,12,12,12,10],
            [12,12,12,12,12,12,12,12,12,12,12,12,12,12,12,10],
            [12,12,12,12,12,12,12,12,12,20,12,12,12,12,12,10],
            [12,12,12,12,12,12,12,12,12,12,12,12,12,12,12,12],
            [12,12,12,12,12,12,12,12,12,12,12,12,12,12,12,12]]

message37 = [[12,12,12,12,12,12,12,12,12,12,12,12,10,10,12,12],
            [12,12,12,12,12,12,12,12,12,12,12,12,12,12,10,12],
            [12,12,12,12,12,12,12,12,12,12,12,12,12,12,12,10],
            [12,12,12,12,12,12,12,12,12,12,12,12,12,12,12,10],
            [12,12,12,12,12,12,12,12,12,12,12,12,12,12,12,10],
            [12,12,12,12,12,12,12,12,12,20,12,12,12,12,12,10],
            [12,12,12,12,12,12,12,12,12,12,12,12,12,12,10,12],
            [12,12,12,12,12,12,12,12,12,12,12,12,10,10,12,12]]

message38= [[12,12,12,12,12,12,12,12,12,12,12,12,10,10,12,12],
            [12,12,12,12,12,12,12,12,10,10,10,10,12,12,10,12],
            [12,12,12,12,12,12,12,12,12,12,12,12,12,12,12,10],
            [12,12,12,12,12,12,12,12,12,12,12,12,12,12,12,10],
            [12,12,12,12,12,12,12,12,12,12,12,12,12,12,12,10],
            [12,12,12,12,12,12,12,12,12,20,12,12,12,12,12,10],
            [12,12,12,12,12,12,12,12,10,10,10,10,12,12,10,12],
            [12,12,12,12,12,12,12,12,12,12,12,12,10,10,12,12]]

message39= [[12,12,12,12,12,12,12,12,10,12,12,12,10,10,12,12],
            [12,12,12,12,12,12,12,12,10,10,10,10,12,12,10,12],
            [12,12,12,12,12,12,12,10,12,12,12,12,12,12,12,10],
            [12,12,12,12,12,12,12,12,12,12,12,12,12,12,12,10],
            [12,12,12,12,12,12,12,12,12,12,12,12,12,12,12,10],
            [12,12,12,12,12,12,12,10,12,20,12,12,12,12,12,10],
            [12,12,12,12,12,12,12,12,10,10,10,10,12,12,10,12],
            [12,12,12,12,12,12,12,12,10,12,12,12,10,10,12,12]]

message40= [[12,12,12,12,12,12,12,12,10,12,12,12,10,10,12,12],
            [12,12,12,12,12,12,12,12,10,10,10,10,12,12,10,12],
            [12,12,12,12,12,12,12,10,12,12,12,12,12,12,12,10],
            [12,12,12,12,12,12,12,10,12,12,12,12,12,12,12,10],
            [12,12,12,12,12,12,12,10,12,12,12,12,12,12,12,10],
            [12,12,12,12,12,12,12,10,12,20,12,12,12,12,12,10],
            [12,12,12,12,12,12,12,12,10,10,10,10,12,12,10,12],
            [12,12,12,12,12,12,12,12,10,12,12,12,10,10,12,12]]

message40= [[12,12,12,12,12,12,12,12,10,12,12,12,10,10,12,12],
            [12,12,12,12,12,12,10,12,10,10,10,10,12,12,10,12],
            [12,12,12,12,12,12,12,10,12,12,12,12,12,12,12,10],
            [12,12,12,12,12,12,12,10,12,12,12,12,12,12,12,10],
            [12,12,12,12,12,12,12,10,12,12,12,12,12,12,12,10],
            [12,12,12,12,12,12,12,10,12,20,12,12,12,12,12,10],
            [12,12,12,12,12,12,10,12,10,10,10,10,12,12,10,12],
            [12,12,12,12,12,12,12,12,10,12,12,12,10,10,12,12]]

message40= [[12,12,12,12,12,10,12,12,10,12,12,12,10,10,12,12],
            [12,12,12,12,12,12,10,12,10,10,10,10,12,12,10,12],
            [12,12,12,12,12,12,12,10,12,12,12,12,12,12,12,10],
            [12,12,12,12,12,12,12,10,12,12,12,12,12,12,12,10],
            [12,12,12,12,12,12,12,10,12,12,12,12,12,12,12,10],
            [12,12,12,12,12,12,12,10,12,20,12,12,12,12,12,10],
            [12,12,12,12,12,12,10,12,10,10,10,10,12,12,10,12],
            [12,12,12,12,12,10,12,12,10,12,12,12,10,10,12,12]]


 import globalvariables

import time
import board
import neopixel


pixpin = board.A3
numpix = 128

strip = neopixel.NeoPixel(pixpin, numpix, brightness=0.1, auto_write=False)


def lookupColor(color,i):
    # no color
    if color == 10:
        strip[i] = (0,0,0)
    # orange
    elif color == 11:
        strip[i] = (255,179,0)
    # yellow
    elif color == 12:
        strip[i] = (255,255,0)
    # green
    elif color == 13:
        strip[i] = (0,255,0)
    # blue
    elif color == 15:
        strip[i] = (0,0,255)
    # violet
    elif color == 18:
        strip[i] = (62,0,105)
    # pink
    elif color == 16:
        strip[i] = (247,50,255)
    # red
    elif color == 17:
        strip[i] = (255,0,0)
    #brown
    elif color == 14:
        strip[i] = (144,84,37)
    #grey
    elif color == 19:
        strip[i] = (210,200,190)
    #white
    elif color == 20:
        strip[i] = (200,200,200)

def showMessage(nextMessage,duration,myMessage):
    # start - fixed message 4
    # remember to change globalvariables.message#
    i = 0
    for r in range(0,8):
        for c in range(0,8):
            color = myMessage[r][c]
            lookupColor(color,i)
            i += 1
    for r in range(0,8):
        for c in range(8,16):
            color = myMessage[r][c]
            lookupColor(color,i)
            i += 1
    strip.write()
    time.sleep(duration)

    # switch to next message
    globalvariables.messageID = nextMessage

while True:
    strip.brightness = 0.1
    if globalvariables.messageID == 1:
        # showMessage(nextMessage,messageDuration,message)
        showMessage(2,1,globalvariables.message1)

    elif globalvariables.messageID == 2:
        # shortcut for message 2
        showMessage(3,1,globalvariables.message2)

    elif globalvariables.messageID == 3:
        # shortcut for message 3
        showMessage(4,0,globalvariables.message3)

    elif globalvariables.messageID == 4:
        # shortcut for message 4
        showMessage(5,0,globalvariables.message4)

    elif globalvariables.messageID == 5:
        # shortcut for message 5
        showMessage(6,0,globalvariables.message5)

    elif globalvariables.messageID == 6:
        # shortcut for message 6
        showMessage(1,0,globalvariables.message6)
