messageID = 1

message1 = [[16,16,16,16,16,16,16,16,16,16,16,16,16,16,16,19],
             [16,16,16,16,16,16,16,16,16,16,16,16,16,16,16,16],
             [16,16,16,16,16,16,16,16,16,16,16,16,16,16,16,16],
             [16,16,16,16,16,16,16,10,10,16,16,16,16,16,16,16],
             [16,16,16,16,16,16,16,10,10,16,16,16,16,16,16,16],
             [16,16,16,16,16,16,16,16,16,16,16,16,16,16,16,16],
             [16,16,16,16,16,16,16,16,16,16,16,16,16,16,16,16],
             [16,16,16,16,16,16,16,16,16,16,16,16,16,16,16,16]]

message2=  [[16,16,16,16,16,16,16,16,16,16,16,16,16,16,16,19],
             [16,16,16,16,16,16,16,16,16,16,16,16,16,16,16,16],
             [16,16,16,16,16,16,16,16,16,16,16,16,16,16,16,16],
             [16,16,16,16,16,16,16,10,12,16,16,16,16,16,16,16],
             [16,16,16,16,16,16,16,12,10,16,16,16,16,16,16,16],
             [16,16,16,16,16,16,16,16,16,16,16,16,16,16,16,16],
             [16,16,16,16,16,16,16,16,16,16,16,16,16,16,16,16],
             [16,16,16,16,16,16,16,16,16,16,16,16,16,16,16,16]]

message3=  [[16,16,16,16,16,16,16,16,16,16,16,16,16,16,16,19],
             [16,16,16,16,16,16,16,16,16,16,16,16,16,16,16,16],
             [16,16,16,16,16,16,16,16,16,16,16,16,16,16,16,16],
             [16,16,16,16,16,16,16,12,10,16,16,16,16,16,16,16],
             [16,16,16,16,16,16,16,10,12,16,16,16,16,16,16,16],
             [16,16,16,16,16,16,16,16,16,16,16,16,16,16,16,16],
             [16,16,16,16,16,16,16,16,16,16,16,16,16,16,16,16],
             [16,16,16,16,16,16,16,16,16,16,16,16,16,16,16,16]]

message4=  [[16,16,16,16,16,16,16,16,16,16,16,16,16,16,16,19],
             [16,16,16,16,16,16,16,16,16,16,16,16,16,16,16,16],
             [16,16,16,16,16,16,16,16,16,16,16,16,16,16,16,16],
             [16,16,16,16,16,16,16,12,12,16,16,16,16,16,16,16],
             [16,16,16,16,16,16,16,12,12,16,16,16,16,16,16,16],
             [16,16,16,16,16,16,16,16,16,16,16,16,16,16,16,16],
             [16,16,16,16,16,16,16,16,16,16,16,16,16,16,16,16],
             [16,16,16,16,16,16,16,16,16,16,16,16,16,16,16,16]]

message5=  [[16,16,16,16,16,16,16,16,16,16,16,16,16,16,16,19],
             [16,16,16,16,16,16,16,16,16,16,16,16,16,16,16,16],
             [16,16,16,16,16,16,12,16,16,16,16,16,16,16,16,16],
             [16,16,16,16,16,16,16,12,12,16,16,16,16,16,16,16],
             [16,16,16,16,16,16,16,12,12,16,16,16,16,16,16,16],
             [16,16,16,16,16,16,16,16,16,12,16,16,16,16,16,16],
             [16,16,16,16,16,16,16,16,16,16,16,16,16,16,16,16],
             [16,16,16,16,16,16,16,16,16,16,16,16,16,16,16,16]]

message6=  [[16,16,16,16,16,16,16,16,16,16,16,16,16,16,16,19],
             [16,16,16,16,16,16,16,16,16,16,16,16,16,16,16,16],
             [16,16,16,16,16,16,12,16,16,12,16,16,16,16,16,16],
             [16,16,16,16,16,16,16,12,12,16,16,16,16,16,16,16],
             [16,16,16,16,16,16,16,12,12,16,16,16,16,16,16,16],
             [16,16,16,16,16,16,12,16,16,12,16,16,16,16,16,16],
             [16,16,16,16,16,16,16,16,16,16,16,16,16,16,16,16],
             [16,16,16,16,16,16,16,16,16,16,16,16,16,16,16,16]]

message7=  [[16,16,16,16,16,16,16,16,16,16,16,16,16,16,16,19],
             [16,16,16,16,16,12,16,16,16,16,12,16,16,16,16,16],
             [16,16,16,16,16,16,12,16,16,12,16,16,16,16,16,16],
             [16,16,16,16,16,16,16,12,12,16,16,16,16,16,16,16],
             [16,16,16,16,16,16,16,12,12,16,16,16,16,16,16,16],
             [16,16,16,16,16,16,12,16,16,12,16,16,16,16,16,16],
             [16,16,16,16,16,12,16,16,16,16,12,16,16,16,16,16],
             [16,16,16,16,16,16,16,16,16,16,16,16,16,16,16,16]]

message8=  [[16,16,16,16,12,16,16,16,16,16,16,12,16,16,16,19],
             [16,16,16,12,16,12,16,16,16,16,12,16,12,16,16,16],
             [16,16,16,16,16,16,12,16,16,12,16,16,16,16,16,16],
             [16,16,16,16,16,16,16,12,12,16,16,16,16,16,16,16],
             [16,16,16,16,16,16,16,12,12,16,16,16,16,16,16,16],
             [16,16,16,16,16,16,12,16,16,12,16,16,16,16,16,16],
             [16,16,16,12,16,12,16,16,16,16,12,16,12,16,16,16],
             [16,16,16,16,12,16,16,16,16,16,16,12,16,16,16,16]]

message9=  [[16,16,16,16,12,16,16,16,16,16,16,12,16,16,16,19],
             [16,16,16,12,16,12,16,16,16,16,12,16,12,16,16,16],
             [16,16,12,16,16,16,12,16,16,12,16,16,16,12,16,16],
             [16,16,16,16,16,16,16,12,12,16,16,16,16,16,16,16],
             [16,16,16,16,16,16,16,12,12,16,16,16,16,16,16,16],
             [16,16,12,16,16,16,12,16,16,12,16,16,16,12,16,16],
             [16,16,16,12,16,12,16,16,16,16,12,16,12,16,16,16],
             [16,16,16,16,12,16,16,16,16,16,16,12,16,16,16,16]]

message10=  [[12,16,16,16,12,16,16,16,16,16,16,12,16,16,16,12],
             [16,12,16,12,16,12,16,16,16,16,12,16,12,16,12,16],
             [16,16,12,16,16,16,12,16,16,12,16,16,16,12,16,16],
             [16,16,16,16,16,16,16,12,12,16,16,16,16,16,16,16],
             [16,16,16,16,16,16,16,12,12,16,16,16,16,16,16,16],
             [16,16,12,16,16,16,12,16,16,12,16,16,16,12,16,16],
             [16,12,16,12,16,12,16,16,16,16,12,16,12,16,12,16],
             [12,16,16,16,12,16,16,16,16,16,16,12,16,16,16,12]]
