messageID = 1

message1 = [[10,10,10,10,10,20,20,20,20,20,20,20,10,10,10,10],
             [10,10,10,10,10,20,17,17,17,17,17,17,10,10,10,10],
             [10,10,10,10,10,10,10,10,20,17,17,20,10,10,10,10],
             [10,10,10,10,10,10,10,20,17,17,20,10,10,10,10,10],
             [10,10,10,10,10,10,20,17,17,17,20,10,10,10,10,10],
             [10,10,10,10,10,20,17,17,17,20,10,10,10,10,10,10],
             [10,10,10,10,20,17,17,17,17,17,17,17,10,10,10,10],
             [10,10,10,10,20,20,20,20,20,20,20,20,10,10,10,10]]

message2 = [[10,10,10,10,10,20,20,20,20,20,20,20,10,10,10,10],
             [10,10,10,10,20,11,11,11,20,11,11,10,10,10,10,10],
             [10,10,10,20,11,11,11,11,20,11,11,10,10,10,10,10],
             [10,10,10,20,11,11,11,11,20,11,11,10,10,10,10,10],
             [10,10,10,20,11,11,11,11,20,11,11,10,10,10,10,10],
             [10,10,10,20,11,11,11,11,20,11,11,10,10,10,10,10],
             [10,10,10,10,20,11,11,11,20,11,11,10,10,10,10,10],
             [10,10,10,10,10,20,20,20,20,20,20,20,10,10,10,10]]


message3 = [[10,10,10,10,10,10,10,10,10,10,10,10,10,10,10,10],
             [10,10,10,10,10,20,20,20,20,10,20,20,10,10,10,10],
             [10,10,10,10,20,13,13,13,20,20,20,13,10,10,10,10],
             [10,10,10,20,13,13,13,13,20,20,13,10,10,10,10,10],
             [10,10,10,20,13,13,13,13,20,13,13,10,10,10,10,10],
             [10,10,10,20,13,13,13,13,20,13,10,10,10,10,10,10],
             [10,10,10,10,20,20,20,20,20,20,20,20,10,10,10,10],
             [10,10,10,10,10,10,10,10,10,10,10,10,10,10,10,10]]

message4 = [[10,10,10,10,10,20,20,20,20,20,20,20,10,10,10,10],
             [10,10,10,10,20,11,11,11,20,11,11,10,10,10,10,10],
             [10,10,10,20,11,11,11,11,20,11,11,10,10,10,10,10],
             [10,10,10,20,11,11,11,11,20,11,11,10,10,10,10,10],
             [10,10,10,20,11,11,11,11,20,11,11,10,10,10,10,10],
             [10,10,10,20,11,11,11,11,20,11,11,10,10,10,10,10],
             [10,10,10,10,20,11,11,11,20,11,11,10,10,10,10,10],
             [10,10,10,10,10,20,20,20,20,20,20,20,10,10,10,10]]
