messageID = 1

message1 = [[15,15,15,15,15,15,15,15,15,15,15,13,13,13,15,19],
             [15,15,15,15,15,15,15,15,15,15,13,13,13,13,13,15],
             [15,15,15,15,15,15,15,15,15,13,13,13,13,14,14,14],
             [15,15,15,15,15,15,15,15,15,15,13,13,13,13,13,15],
             [15,15,15,15,15,15,15,15,15,15,15,13,13,13,15,19],
             [15,15,15,15,15,15,15,15,15,15,15,15,15,15,15,19],
             [15,15,15,15,15,15,15,15,15,15,15,15,15,19,19,19],
             [15,15,15,15,15,15,15,15,15,15,19,19,19,19,19,19]]

message2 =[[15,15,19,19,19,19,15,15,15,15,15,13,13,13,15,19],
             [15,15,19,19,19,15,15,15,15,15,13,13,13,13,13,15],
             [15,15,15,15,15,15,15,15,15,13,13,13,13,14,14,14],
             [15,15,15,15,15,15,15,15,15,15,13,13,13,13,13,15],
             [15,15,15,15,15,15,15,15,15,15,15,13,13,13,15,19],
             [15,15,15,15,15,15,15,15,15,15,15,15,15,15,15,19],
             [15,15,15,15,15,15,15,15,15,15,15,15,15,19,19,19],
             [15,15,15,15,15,15,15,15,15,15,19,19,19,19,19,19]]

message3 = [[15,19,19,19,19,19,19,15,15,15,15,13,13,13,15,19],
             [15,15,19,19,19,19,15,15,15,15,13,13,13,13,13,15],
             [15,15,15,19,19,15,15,15,15,13,13,13,13,14,14,14],
             [15,15,15,15,15,15,15,15,15,15,13,13,13,13,13,15],
             [15,15,15,15,15,15,15,15,15,15,15,13,13,13,15,19],
             [15,15,15,15,15,15,15,15,15,15,15,15,15,15,15,19],
             [15,15,15,15,15,15,15,15,15,15,15,15,15,19,19,19],
             [15,15,15,15,15,15,15,15,15,15,19,19,19,19,19,19]]

message4 = [[15,15,15,15,15,15,15,15,15,15,15,13,13,13,15,19],
             [15,19,19,19,15,15,15,15,15,15,13,13,13,13,13,15],
             [15,19,19,19,19,15,15,15,15,13,13,13,13,14,14,14],
             [15,19,19,19,19,15,15,15,15,15,13,13,13,13,13,15],
             [15,19,19,19,15,15,15,15,15,15,15,13,13,13,15,19],
             [15,15,19,15,15,15,15,15,15,15,15,15,15,15,15,19],
             [15,15,15,15,15,15,15,15,15,15,15,15,15,19,19,19],
             [15,15,15,15,15,15,15,15,15,15,19,19,19,19,19,19]]

message5 = [[15,15,15,15,15,15,15,15,15,15,15,13,13,13,15,19],
             [15,15,15,15,15,15,15,15,15,15,13,13,13,13,13,15],
             [15,15,19,19,15,15,15,15,15,13,13,13,13,14,14,14],
             [15,19,19,19,19,15,15,15,15,15,13,13,13,13,13,15],
             [15,19,19,19,19,19,15,15,15,15,15,13,13,13,15,19],
             [15,15,19,19,19,19,15,15,15,15,15,15,15,15,15,19],
             [15,15,19,19,15,15,15,15,15,15,15,15,15,19,19,19],
             [15,15,15,15,15,15,15,15,15,15,19,19,19,19,19,19]]

message6 = [[15,15,15,15,15,15,15,15,15,15,15,13,13,13,15,19],
             [15,15,15,15,15,15,15,15,15,15,13,13,13,13,13,15],
             [15,15,15,15,15,15,15,15,15,13,13,13,13,14,14,14],
             [15,15,15,15,15,15,15,15,15,15,13,13,13,13,13,15],
             [15,15,19,19,15,15,15,15,15,15,15,13,13,13,15,19],
             [15,19,19,19,19,15,15,15,15,15,15,15,15,15,15,19],
             [15,15,19,19,19,19,15,15,15,15,15,15,15,19,19,19],
             [15,15,19,19,19,19,15,15,15,15,19,19,19,19,19,19]]

message7 = [[15,15,15,15,15,15,15,15,15,15,15,13,13,13,15,19],
             [15,15,15,15,15,15,15,15,15,15,13,13,13,13,13,15],
             [15,15,15,15,15,15,15,15,15,13,13,13,13,14,14,14],
             [15,15,15,15,15,15,15,15,15,15,13,13,13,13,13,15],
             [15,15,15,15,15,15,15,15,15,15,15,13,13,13,15,19],
             [15,15,15,15,15,15,15,15,15,15,15,15,15,15,15,19],
             [15,15,15,19,19,15,15,15,15,15,15,15,15,19,19,19],
             [15,15,19,19,19,19,15,15,15,15,19,19,19,19,19,19]]
