messageID = 1

message1=  [[12,16,16,16,12,16,16,16,16,16,16,12,16,16,16,12],
             [16,12,16,12,16,12,16,16,16,16,12,16,12,16,12,16],
             [16,16,12,16,16,16,12,16,16,12,16,16,16,12,16,16],
             [16,16,16,16,16,16,16,12,12,16,16,16,16,16,16,16],
             [16,16,16,16,16,16,16,12,12,16,16,16,16,16,16,16],
             [16,16,12,16,16,16,12,16,16,12,16,16,16,12,16,16],
             [16,12,16,12,16,12,16,16,16,16,12,16,12,16,12,16],
             [12,16,16,16,12,16,16,16,16,16,16,12,16,16,16,12]]

message2=  [[12,16,16,16,12,16,16,16,16,16,16,12,16,16,16,12],
             [16,12,16,12,16,12,16,16,16,16,12,16,12,16,12,16],
             [16,16,12,16,16,16,12,16,16,12,16,16,16,12,16,16],
             [16,16,16,16,16,16,16,12,12,16,16,16,16,16,16,16],
             [16,16,16,16,16,16,16,12,12,16,16,16,16,16,16,16],
             [16,16,12,16,16,16,12,16,16,12,16,16,16,12,16,16],
             [16,12,16,12,16,12,16,16,16,16,12,16,12,16,12,16],
             [12,12,12,12,12,12,12,12,12,12,12,12,12,12,12,12]]

message3=  [[12,16,16,16,12,16,16,16,16,16,16,12,16,16,16,12],
             [12,12,16,12,16,12,16,16,16,16,12,16,12,16,12,16],
             [12,16,12,16,16,16,12,16,16,12,16,16,16,12,16,16],
             [12,16,16,16,16,16,16,12,12,16,16,16,16,16,16,16],
             [12,16,16,16,16,16,16,12,12,16,16,16,16,16,16,16],
             [12,16,12,16,16,16,12,16,16,12,16,16,16,12,16,16],
             [12,12,16,12,16,12,16,16,16,16,12,16,12,16,12,16],
             [12,12,12,12,12,12,12,12,12,12,12,12,12,12,12,12]]

message4=  [[12,12,12,12,12,12,12,12,12,12,12,12,12,12,12,12],
             [12,12,16,12,16,12,16,16,16,16,12,16,12,16,12,16],
             [12,16,12,16,16,16,12,16,16,12,16,16,16,12,16,16],
             [12,16,16,16,16,16,16,12,12,16,16,16,16,16,16,16],
             [12,16,16,16,16,16,16,12,12,16,16,16,16,16,16,16],
             [12,16,12,16,16,16,12,16,16,12,16,16,16,12,16,16],
             [12,12,16,12,16,12,16,16,16,16,12,16,12,16,12,16],
             [12,12,12,12,12,12,12,12,12,12,12,12,12,12,12,12]]

message5=  [[12,12,12,12,12,12,12,12,12,12,12,12,12,12,12,12],
             [12,12,16,12,16,12,16,16,16,16,12,16,12,16,12,12],
             [12,16,12,16,16,16,12,16,16,12,16,16,16,12,16,12],
             [12,16,16,16,16,16,16,12,12,16,16,16,16,16,16,12],
             [12,16,16,16,16,16,16,12,12,16,16,16,16,16,16,12],
             [12,16,12,16,16,16,12,16,16,12,16,16,16,12,16,12],
             [12,12,16,12,16,12,16,16,16,16,12,16,12,16,12,12],
             [12,12,12,12,12,12,12,12,12,12,12,12,12,12,12,12]]

message6=  [[12,12,12,12,12,12,12,12,12,12,12,12,12,12,12,12],
             [12,12,16,12,16,12,16,16,16,16,12,12,12,12,12,12],
             [12,16,12,16,16,16,12,16,16,12,12,12,12,12,12,12],
             [12,16,16,16,16,16,16,12,12,12,12,12,12,12,12,12],
             [12,16,16,16,16,16,16,12,12,12,12,12,12,12,12,12],
             [12,16,12,16,16,16,12,16,16,12,12,12,12,12,12,12],
             [12,12,16,12,16,12,16,16,16,16,12,12,12,12,12,12],
             [12,12,12,12,12,12,12,12,12,12,12,12,12,12,12,12]]

message7=  [[12,12,12,12,12,12,12,12,12,12,12,12,12,12,12,12],
             [12,12,12,12,12,12,12,12,12,12,12,12,12,12,12,12],
             [12,12,12,12,12,12,12,12,12,12,12,12,12,12,12,12],
             [12,12,12,12,12,12,12,12,12,12,12,12,12,12,12,12],
             [12,12,12,12,12,12,12,12,12,12,12,12,12,12,12,12],
             [12,12,12,12,12,12,12,12,12,12,12,12,12,12,12,12],
             [12,12,12,12,12,12,12,12,12,12,12,12,12,12,12,12],
             [12,12,12,12,12,12,12,12,12,12,12,12,12,12,12,12]]


message8 = [[12,12,12,12,12,12,12,12,12,12,12,12,12,12,12,12],
            [12,12,12,12,12,12,12,12,12,12,12,12,12,12,12,12],
            [12,12,12,12,12,12,12,12,12,12,12,12,12,12,12,10],
            [12,12,12,12,12,12,12,12,12,12,12,12,12,12,12,10],
            [12,12,12,12,12,12,12,12,12,12,12,12,12,12,12,10],
            [12,12,12,12,12,12,12,12,12,20,12,12,12,12,12,10],
            [12,12,12,12,12,12,12,12,12,12,12,12,12,12,12,12],
            [12,12,12,12,12,12,12,12,12,12,12,12,12,12,12,12]]

message9 = [[12,12,12,12,12,12,12,12,12,12,12,12,10,10,12,12],
            [12,12,12,12,12,12,12,12,12,12,12,12,12,12,10,12],
            [12,12,12,12,12,12,12,12,12,12,12,12,12,12,12,10],
            [12,12,12,12,12,12,12,12,12,12,12,12,12,12,12,10],
            [12,12,12,12,12,12,12,12,12,12,12,12,12,12,12,10],
            [12,12,12,12,12,12,12,12,12,20,12,12,12,12,12,10],
            [12,12,12,12,12,12,12,12,12,12,12,12,12,12,10,12],
            [12,12,12,12,12,12,12,12,12,12,12,12,10,10,12,12]]

message10= [[12,12,12,12,12,12,12,12,12,12,12,12,10,10,12,12],
            [12,12,12,12,12,12,12,12,10,10,10,10,12,12,10,12],
            [12,12,12,12,12,12,12,12,12,12,12,12,12,12,12,10],
            [12,12,12,12,12,12,12,12,12,12,12,12,12,12,12,10],
            [12,12,12,12,12,12,12,12,12,12,12,12,12,12,12,10],
            [12,12,12,12,12,12,12,12,12,20,12,12,12,12,12,10],
            [12,12,12,12,12,12,12,12,10,10,10,10,12,12,10,12],
            [12,12,12,12,12,12,12,12,12,12,12,12,10,10,12,12]]

message11= [[12,12,12,12,12,12,12,12,10,12,12,12,10,10,12,12],
            [12,12,12,12,12,12,12,12,10,10,10,10,12,12,10,12],
            [12,12,12,12,12,12,12,10,12,12,12,12,12,12,12,10],
            [12,12,12,12,12,12,12,12,12,12,12,12,12,12,12,10],
            [12,12,12,12,12,12,12,12,12,12,12,12,12,12,12,10],
            [12,12,12,12,12,12,12,10,12,20,12,12,12,12,12,10],
            [12,12,12,12,12,12,12,12,10,10,10,10,12,12,10,12],
            [12,12,12,12,12,12,12,12,10,12,12,12,10,10,12,12]]

message12= [[12,12,12,12,12,12,12,12,10,12,12,12,10,10,12,12],
            [12,12,12,12,12,12,12,12,10,10,10,10,12,12,10,12],
            [12,12,12,12,12,12,12,10,12,12,12,12,12,12,12,10],
            [12,12,12,12,12,12,12,10,12,12,12,12,12,12,12,10],
            [12,12,12,12,12,12,12,10,12,12,12,12,12,12,12,10],
            [12,12,12,12,12,12,12,10,12,20,12,12,12,12,12,10],
            [12,12,12,12,12,12,12,12,10,10,10,10,12,12,10,12],
            [12,12,12,12,12,12,12,12,10,12,12,12,10,10,12,12]]

message13= [[12,12,12,12,12,12,12,12,10,12,12,12,10,10,12,12],
            [12,12,12,12,12,12,10,12,10,10,10,10,12,12,10,12],
            [12,12,12,12,12,12,12,10,12,12,12,12,12,12,12,10],
            [12,12,12,12,12,12,12,10,12,12,12,12,12,12,12,10],
            [12,12,12,12,12,12,12,10,12,12,12,12,12,12,12,10],
            [12,12,12,12,12,12,12,10,12,20,12,12,12,12,12,10],
            [12,12,12,12,12,12,10,12,10,10,10,10,12,12,10,12],
            [12,12,12,12,12,12,12,12,10,12,12,12,10,10,12,12]]

message14= [[12,12,12,12,12,10,12,12,10,12,12,12,10,10,12,12],
            [12,12,12,12,12,12,10,12,10,10,10,10,12,12,10,12],
            [12,12,12,12,12,12,12,10,12,12,12,12,12,12,12,10],
            [12,12,12,12,12,12,12,10,12,12,12,12,12,12,12,10],
            [12,12,12,12,12,12,12,10,12,12,12,12,12,12,12,10],
            [12,12,12,12,12,12,12,10,12,20,12,12,12,12,12,10],
            [12,12,12,12,12,12,10,12,10,10,10,10,12,12,10,12],
            [12,12,12,12,12,10,12,12,10,12,12,12,10,10,12,12]]
